"Logit"
"Example"
-100.72399556626175
<-0.027100359285987627;
 -0.015150822185093173;
 1.2626475337027132;
 0.86207929574537567;
 0.92334554078371978;
 0.54183771534877767;
 1.8325172078410004;
 0.75851364102534058;
 0.4612247789115968 >
-------Human Readable Parameter Summary-------
000	1	 -0.027100	"b0             "	"Free           "	0	-0.0271004
001	1	 -0.015151	"b1             "	"Free           "	1	-0.0151508
002	1	  1.262648	"b2             "	"Free           "	2	1.26265
003	1	  0.862079	"b3             "	"Free           "	3	0.862079
004	1	  0.923346	"b4             "	"Free           "	4	0.923346
005	1	  0.541838	"b5             "	"Free           "	5	0.541838
006	1	  1.832517	"b6             "	"Free           "	6	1.83252
007	1	  0.758514	"b7             "	"Free           "	7	0.758514
008	1	  0.461225	"b8             "	"Free           "	8	0.461225

------------

                        b0           b1           b2           b3           b4           b5           b6           b7           b8
  Gradient     -0.00069688   -0.0030286 -1.6101e-006  9.5968e-007 -1.3233e-005 -3.3376e-005 -3.2709e-006 -3.8189e-006 -2.1951e-005

Hessian 
                 b0           b1           b2           b3           b4           b5           b6           b7           b8
b0           17717.       94149.       110.97       289.39       379.84       244.09       45.083       157.20       759.81
b1           94149.  5.4249e+005       722.68       1532.0       2039.2       1132.3       289.19       843.64       4185.5
b2           110.97       722.68       5.0069      0.00000       2.1022      0.87258      0.28469      0.97257       5.0069
b3           289.39       1532.0      0.00000       13.270       2.2688       2.8094      0.86360       2.5296       13.270
b4           379.84       2039.2       2.1022       2.2688       16.330       7.2130      0.75188       3.2169       16.330
b5           244.09       1132.3      0.87258       2.8094       7.2130       16.145      0.15346       3.5138       9.7406
b6           45.083       289.19      0.28469      0.86360      0.75188      0.15346       2.0145      0.00000       2.0145
b7           157.20       843.64      0.97257       2.5296       3.2169       3.5138      0.00000       7.0046       7.0046
b8           759.81       4185.5       5.0069       13.270       16.330       9.7406       2.0145       7.0046       33.918

--------------------
Created by Objective::Save(). 28-09-2018. 11:41:02