"GHKMNP"
"Multinomial Probit"
-534.95800984040159
<-0.0097668428012274815;
 0.476606846691351;
 0.82075241223251705;
 0.095769472427449265;
 -0.49667657899480649;
 0.21978908687090629;
 -0.0050711170940132945;
 0.33323338090780646;
 0.24830882369990231;
 -0.68697987518678039;
 -0.17505574575543484;
 -0.98767781864955428 >
"age male nonwhite site2 site3 Cons age male nonwhite site2 site3 Cons "
<0;
 1;
 2;
 3;
 4;
 5;
 6;
 7;
 8;
 9;
 10;
 11 >
<-0.0097668428012274815;
 0.476606846691351;
 0.82075241223251705;
 0.095769472427449265;
 -0.49667657899480649;
 0.21978908687090629;
 -0.0050711170940132945;
 0.33323338090780646;
 0.24830882369990231;
 -0.68697987518678039;
 -0.17505574575543484;
 -0.98767781864955428 >------------

age             -0.0097668
male               0.47661
nonwhite           0.82075
site2             0.095769
site3             -0.49668
Cons               0.21979
age             -0.0050711
male               0.33323
nonwhite           0.24831
site2             -0.68698
site3             -0.17506
Cons              -0.98768
{"Free","Free","Free","Free","Free","Free","Free","Free","Free","Free","Free","Free"}age male nonwhite site2 site3 Cons age male nonwhite site2 site3 Cons 
   Gradient                                                                                                                                                 
   -0.0018935  2.2642e-005 -2.4009e-005 -2.2587e-005 -6.6890e-006 -7.9701e-006    0.0041396 -3.8282e-005  3.9815e-005  3.7503e-005  6.0069e-006  1.7409e-005
Hessian age male nonwhite site2 site3 Cons age male nonwhite site2 site3 Cons age male nonwhite site2 site3 Cons age male nonwhite site2 site3 Cons 
  4.6781e+005       2593.4       1989.0       3248.8       2795.7       9481.8 -1.1755e+005      -659.11      -621.10      -592.34      -800.77      -2329.7
       2593.4       54.298       7.1865       17.622       13.908       54.298      -659.11      -14.320      -1.2874      -1.8178      -3.1741      -14.320
       1989.0       7.1865       42.626       4.6933       24.286       42.626      -621.10      -1.2874      -11.748      -2.2685      -7.3731      -11.748
       3248.8       17.622       4.6933       74.907      0.00000       74.907      -592.34      -1.8178      -2.2685      -11.779      0.00000      -11.779
       2795.7       13.908       24.286      0.00000       63.306       63.306      -800.77      -3.1741      -7.3731      0.00000      -18.126      -18.126
       9481.8       54.298       42.626       74.907       63.306       211.28      -2329.7      -14.320      -11.748      -11.779      -18.126      -50.545
 -1.1755e+005      -659.11      -621.10      -592.34      -800.77      -2329.7  2.3050e+005       1207.1       1181.4       1185.4       1742.7       4662.1
      -659.11      -14.320      -1.2874      -1.8178      -3.1741      -14.320       1207.1       27.059       2.3453       3.2480       6.5570       27.059
      -621.10      -1.2874      -11.748      -2.2685      -7.3731      -11.748       1181.4       2.3453       21.917       3.6377       13.343       21.917
      -592.34      -1.8178      -2.2685      -11.779      0.00000      -11.779       1185.4       3.2480       3.6377       23.192      0.00000       23.192
      -800.77      -3.1741      -7.3731      0.00000      -18.126      -18.126       1742.7       6.5570       13.343      0.00000       39.975       39.975
      -2329.7      -14.320      -11.748      -11.779      -18.126      -50.545       4662.1       27.059       21.917       23.192       39.975       102.74

--------------------
Created by Objective::Save(). 16-11-2014. 12:51:30