"GHKMNP"
"Multinomial Probit"
-534.95800984047457
<-0.0097668461559296052;
 0.47660689284868557;
 0.82075238127312167;
 0.09576938474517499;
 -0.49667667122884712;
 0.21978927155690975;
 -0.0050710230461380231;
 0.33323170657262369;
 0.24831015595529027;
 -0.68697667698263032;
 -0.17505521439448424;
 -0.9876828345543105 >
-------Human Readable Parameter Summary-------
000	1	 -0.009767	"Y=2:age        "	"Free           "	0	-0.00976685
001	1	  0.476607	"Y=2:male       "	"Free           "	1	0.476607
002	1	  0.820752	"Y=2:nonwhite   "	"Free           "	2	0.820752
003	1	  0.095769	"Y=2:site2      "	"Free           "	3	0.0957694
004	1	 -0.496677	"Y=2:site3      "	"Free           "	4	-0.496677
005	1	  0.219789	"Y=2:Cons       "	"Free           "	5	0.219789
006	1	 -0.005071	"Y=3:age        "	"Free           "	6	-0.00507102
007	1	  0.333232	"Y=3:male       "	"Free           "	7	0.333232
008	1	  0.248310	"Y=3:nonwhite   "	"Free           "	8	0.24831
009	1	 -0.686977	"Y=3:site2      "	"Free           "	9	-0.686977
010	1	 -0.175055	"Y=3:site3      "	"Free           "	10	-0.175055
011	1	 -0.987683	"Y=3:Cons       "	"Free           "	11	-0.987683

------------

                   Y=2:age     Y=2:male Y=2:nonwhite    Y=2:site2    Y=2:site3     Y=2:Cons      Y=3:age     Y=3:male Y=3:nonwhite    Y=3:site2    Y=3:site3     Y=3:Cons
  Gradient       0.0026256 -1.5670e-005  5.8802e-005  5.8772e-005  1.5982e-005  4.4575e-005   -0.0022278  4.7593e-005  -0.00011118  -0.00011762 -1.1526e-005 -4.4459e-005

Hessian 
                   Y=2:age     Y=2:male Y=2:nonwhite    Y=2:site2    Y=2:site3     Y=2:Cons      Y=3:age     Y=3:male Y=3:nonwhite    Y=3:site2    Y=3:site3     Y=3:Cons
Y=2:age        4.6781e+005       2593.4       1989.0       3248.8       2795.7       9481.8 -1.1755e+005      -659.11      -621.10      -592.34      -800.76      -2329.7
Y=2:male            2593.4       54.298       7.1865       17.622       13.908       54.298      -659.11      -14.320      -1.2874      -1.8178      -3.1741      -14.320
Y=2:nonwhite        1989.0       7.1865       42.626       4.6933       24.286       42.626      -621.10      -1.2874      -11.748      -2.2685      -7.3731      -11.748
Y=2:site2           3248.8       17.622       4.6933       74.907      0.00000       74.907      -592.34      -1.8178      -2.2685      -11.779      0.00000      -11.779
Y=2:site3           2795.7       13.908       24.286      0.00000       63.306       63.306      -800.76      -3.1741      -7.3731      0.00000      -18.126      -18.126
Y=2:Cons            9481.8       54.298       42.626       74.907       63.306       211.28      -2329.7      -14.320      -11.748      -11.779      -18.126      -50.544
Y=3:age       -1.1755e+005      -659.11      -621.10      -592.34      -800.76      -2329.7  2.3050e+005       1207.1       1181.4       1185.4       1742.7       4662.1
Y=3:male           -659.11      -14.320      -1.2874      -1.8178      -3.1741      -14.320       1207.1       27.059       2.3453       3.2480       6.5570       27.059
Y=3:nonwhite       -621.10      -1.2874      -11.748      -2.2685      -7.3731      -11.748       1181.4       2.3453       21.917       3.6377       13.343       21.917
Y=3:site2          -592.34      -1.8178      -2.2685      -11.779      0.00000      -11.779       1185.4       3.2480       3.6377       23.192      0.00000       23.192
Y=3:site3          -800.76      -3.1741      -7.3731      0.00000      -18.126      -18.126       1742.7       6.5570       13.343      0.00000       39.975       39.975
Y=3:Cons           -2329.7      -14.320      -11.748      -11.779      -18.126      -50.544       4662.1       27.059       21.917       23.192       39.975       102.74

--------------------
Created by Objective::Save(). 25-07-2018. 15:18:17