"GQMNP"
"Multinomial Probit"
-534.51317372301776
<-0.0098453904022294259;
 0.47704969666553909;
 0.82392819147752194;
 0.097252094966261221;
 -0.495700329374682;
 0.22305298821503197;
 -0.0050877016842782825;
 0.33289043051304695;
 0.24827658924690699;
 -0.69082970186544124;
 -0.17844371630955333;
 -0.98463525352709647 >
"age male nonwhite site2 site3 Cons age male nonwhite site2 site3 Cons "
<0;
 1;
 2;
 3;
 4;
 5;
 6;
 7;
 8;
 9;
 10;
 11 >
<-0.0098453904022294259;
 0.47704969666553909;
 0.82392819147752194;
 0.097252094966261221;
 -0.495700329374682;
 0.22305298821503197;
 -0.0050877016842782825;
 0.33289043051304695;
 0.24827658924690699;
 -0.69082970186544124;
 -0.17844371630955333;
 -0.98463525352709647 >------------

age             -0.0098454
male               0.47705
nonwhite           0.82393
site2             0.097252
site3             -0.49570
Cons               0.22305
age             -0.0050877
male               0.33289
nonwhite           0.24828
site2             -0.69083
site3             -0.17844
Cons              -0.98464
{"Free","Free","Free","Free","Free","Free","Free","Free","Free","Free","Free","Free"}age male nonwhite site2 site3 Cons age male nonwhite site2 site3 Cons 
   Gradient                                                                                                                                                 
   -0.0011879  1.7847e-005 -1.2489e-005 -1.1847e-005 -4.6104e-006 -5.6103e-007    0.0031069 -2.8221e-005  2.4019e-005  2.2056e-005  4.5689e-006  1.0253e-005
Hessian age male nonwhite site2 site3 Cons age male nonwhite site2 site3 Cons age male nonwhite site2 site3 Cons age male nonwhite site2 site3 Cons 
  4.6663e+005       2584.8       1972.5       3231.6       2783.7       9456.6 -1.1622e+005      -649.32      -604.25      -573.79      -786.13      -2300.4
       2584.8       54.111       7.0804       17.531       13.689       54.111      -649.32      -14.100      -1.1730      -1.7170      -2.9112      -14.100
       1972.5       7.0804       42.283       4.5029       24.179       42.283      -604.25      -1.1730      -11.395      -2.0745      -7.2790      -11.395
       3231.6       17.531       4.5029       74.584      0.00000       74.584      -573.79      -1.7170      -2.0745      -11.422      0.00000      -11.422
       2783.7       13.689       24.179      0.00000       63.000       63.000      -786.13      -2.9112      -7.2790      0.00000      -17.765      -17.765
       9456.6       54.111       42.283       74.584       63.000       210.67      -2300.4      -14.100      -11.395      -11.422      -17.765      -49.829
 -1.1622e+005      -649.32      -604.25      -573.79      -786.13      -2300.4  2.2988e+005       1201.4       1173.6       1172.5       1734.6       4646.0
      -649.32      -14.100      -1.1730      -1.7170      -2.9112      -14.100       1201.4       26.913       2.2627       3.1816       6.3727       26.913
      -604.25      -1.1730      -11.395      -2.0745      -7.2790      -11.395       1173.6       2.2627       21.743       3.5231       13.326       21.743
      -573.79      -1.7170      -2.0745      -11.422      0.00000      -11.422       1172.5       3.1816       3.5231       22.937      0.00000       22.937
      -786.13      -2.9112      -7.2790      0.00000      -17.765      -17.765       1734.6       6.3727       13.326      0.00000       39.757       39.757
      -2300.4      -14.100      -11.395      -11.422      -17.765      -49.829       4646.0       26.913       21.743       22.937       39.757       102.29

--------------------
Created by Objective::Save(). 13-04-2015. 13:09:32