Output of DDP Tests:KW-NormalEffects
---------------------------
DP::Intialize is complete. Action and State spaces are empty.
 Log file name is: logs/DP-DDP.log
-------------------- DP Model Summary ------------------------
0. USER BELLMAN CLASS
    Test3a | Ex Post Smoothing  | Bellman
1. CLOCK
    3. Normal Finite Horizon Aging
2. STATE VARIABLES
              |eps                 |eta |theta        -clock        |gamma
             eps0   eps1   eps2    s21     X0     X1      t     t'    lnk      f
       s.N      5      5      5      1     10     10      1      1      3      1


     Transition Categories (not counting placeholders and variables with N=1)
                 NonRandom       Random   Coevolving    Augmented       Timing    Invariant
     #Vars               0            2            3            0            0            1

3. SIZE OF SPACES

                       Number of Points
    Exogenous(Epsilon)              125
    SemiExogenous(Eta)                1
   Endogenous(Theta_t)              100
                 Times                1
         EV()Iterating              100
      ChoiceProb.track              100
         Random Groups                3
 Dynamic Random Groups                3
          Fixed Groups                1
   Total Groups(Gamma)                3
       Total Untrimmed            37500

4. ACTION VARIABLES
   Number of Distinct action vectors: 3
          Acce
    a.N      3


5. TRIMMING AND SUBSAMPLING OF THE ENDOGENOUS STATE SPACE (Theta)
                           N
    TotalReachable       100
         Terminal          0
     Approximated          0
Index of first state by t (t=0..T-1)
      0     99


6. FEASIBLE ACTION SETS
 
     i    [A]        A[0]   
     ---------------------------
     000 (0)           X        
     001 (1)           X        
     002 (2)           X        
        #States      100
     --------------------------
         Key: X = row vector is feasible. - = infeasible

-------------------- End of Model Summary ------------------------
Phase :Initializing Increment:       0.01. Cumulative:         0.01
...New random subsampling of the state space
Approximated: 11
Brute Force
           EV Choice Probs                          
       5.8249      0.27141      0.29960      0.42899
       5.8173      0.27126      0.29861      0.43014
       5.8099      0.27110      0.29765      0.43125
       5.8026      0.27095      0.29672      0.43233
       5.7956      0.27081      0.29581      0.43338
       5.7888      0.27066      0.29494      0.43440
       5.7821      0.27052      0.29408      0.43540
       5.7756      0.27038      0.29325      0.43636
       5.7693      0.27025      0.29245      0.43730
       5.7632      0.27011      0.29167      0.43822
       5.8166      0.27195      0.29823      0.42983
       5.8092      0.27177      0.29728      0.43094
       5.8020      0.27161      0.29636      0.43203
       5.7950      0.27144      0.29547      0.43309
       5.7882      0.27128      0.29460      0.43412
       5.7815      0.27112      0.29376      0.43512
       5.7751      0.27096      0.29294      0.43610
       5.7688      0.27081      0.29214      0.43704
       5.7627      0.27066      0.29137      0.43796
       5.7567      0.27052      0.29062      0.43886
       5.8085      0.27246      0.29691      0.43063
       5.8014      0.27228      0.29600      0.43173
       5.7944      0.27209      0.29512      0.43279
       5.7876      0.27191      0.29426      0.43383
       5.7809      0.27173      0.29343      0.43484
       5.7745      0.27156      0.29262      0.43582
       5.7682      0.27139      0.29183      0.43677
       5.7621      0.27123      0.29107      0.43770
       5.7562      0.27106      0.29033      0.43861
       5.7504      0.27091      0.28961      0.43948
       5.8007      0.27296      0.29563      0.43141
       5.7937      0.27276      0.29476      0.43248
       5.7869      0.27256      0.29391      0.43353
       5.7803      0.27237      0.29309      0.43454
       5.7739      0.27218      0.29229      0.43553
       5.7677      0.27199      0.29152      0.43649
       5.7616      0.27181      0.29076      0.43743
       5.7557      0.27163      0.29003      0.43834
       5.7499      0.27145      0.28932      0.43922
       5.7457      0.27128      0.28863      0.44009
       5.7931      0.27345      0.29439      0.43216
       5.7863      0.27323      0.29356      0.43321
       5.7797      0.27302      0.29275      0.43424
       5.7733      0.27281      0.29196      0.43524
       5.7671      0.27260      0.29119      0.43620
       5.7610      0.27240      0.29045      0.43715
       5.7551      0.27221      0.28973      0.43806
       5.7494      0.27202      0.28903      0.43896
       5.7455      0.27183      0.28834      0.43982
       5.7453      0.27165      0.28768      0.44067
       5.7857      0.27392      0.29319      0.43289
       5.7792      0.27368      0.29239      0.43392
       5.7728      0.27346      0.29162      0.43493
       5.7665      0.27323      0.29086      0.43590
       5.7605      0.27302      0.29013      0.43686
       5.7546      0.27280      0.28942      0.43778
       5.7489      0.27260      0.28872      0.43868
       5.7453      0.27239      0.28805      0.43955
       5.7453      0.27220      0.28740      0.44041
       5.7453      0.27200      0.28676      0.44123
       5.7786      0.27437      0.29204      0.43360
       5.7722      0.27412      0.29127      0.43461
       5.7660      0.27388      0.29052      0.43559
       5.7599      0.27365      0.28980      0.43655
       5.7541      0.27342      0.28910      0.43749
       5.7484      0.27319      0.28842      0.43839
       5.7453      0.27297      0.28775      0.43927
       5.7453      0.27276      0.28711      0.44013
       5.7453      0.27255      0.28648      0.44097
       5.7453      0.27235      0.28587      0.44178
       5.7716      0.27481      0.29091      0.43428
       5.7654      0.27455      0.29018      0.43527
       5.7594      0.27429      0.28947      0.43624
       5.7535      0.27405      0.28878      0.43718
       5.7478      0.27380      0.28810      0.43809
       5.7453      0.27357      0.28745      0.43898
       5.7453      0.27334      0.28681      0.43985
       5.7453      0.27311      0.28620      0.44069
       5.7453      0.27289      0.28560      0.44151
       5.7453      0.27268      0.28501      0.44231
       5.7649      0.27523      0.28983      0.43494
       5.7589      0.27496      0.28913      0.43591
       5.7530      0.27469      0.28844      0.43686
       5.7473      0.27443      0.28778      0.43779
       5.7453      0.27418      0.28714      0.43868
       5.7453      0.27393      0.28651      0.43956
       5.7453      0.27369      0.28590      0.44041
       5.7453      0.27345      0.28531      0.44124
       5.7453      0.27322      0.28474      0.44204
       5.7453      0.27300      0.28418      0.44282
       5.7583      0.27564      0.28878      0.43558
       5.7525      0.27536      0.28811      0.43654
       5.7470      0.27508      0.28745      0.43747
       5.7453      0.27481      0.28682      0.43837
       5.7453      0.27454      0.28620      0.43926
       5.7453      0.27428      0.28560      0.44011
       5.7453      0.27403      0.28502      0.44095
       5.7453      0.27378      0.28446      0.44176
       5.7453      0.27354      0.28391      0.44255
       5.7453      0.27331      0.28337      0.44332
       1.9347      0.33056      0.33938      0.33006
       5.8527      0.27231      0.30305      0.42464
       5.8443      0.27214      0.30196      0.42590
       5.8361      0.27197      0.30090      0.42713
       5.8282      0.27180      0.29988      0.42832
       5.8204      0.27164      0.29888      0.42948
       5.8129      0.27148      0.29792      0.43061
       5.8056      0.27132      0.29698      0.43171
       5.7985      0.27116      0.29607      0.43277
       5.7916      0.27101      0.29518      0.43381
       5.8519      0.27311      0.30261      0.42429
       5.8435      0.27291      0.30153      0.42556
       1.8634      0.33029      0.33809      0.33162
       5.8275      0.27253      0.29948      0.42799
       5.8198      0.27234      0.29850      0.42916
       5.8123      0.27216      0.29754      0.43030
       5.8050      0.27198      0.29661      0.43140
       5.7979      0.27181      0.29571      0.43248
       5.7910      0.27164      0.29484      0.43352
       5.7843      0.27147      0.29399      0.43454
       5.8428      0.27370      0.30110      0.42520
       5.8347      0.27349      0.30007      0.42644
       5.8268      0.27328      0.29907      0.42765
       5.8191      0.27307      0.29810      0.42883
       5.8116      0.27287      0.29716      0.42997
       5.8043      0.27267      0.29624      0.43109
       5.7972      0.27248      0.29535      0.43217
       1.7108      0.32912      0.33587      0.33501
       5.7837      0.27210      0.29365      0.43425
       5.7771      0.27192      0.29284      0.43525
       1.8896      0.33157      0.33736      0.33107
       5.8260      0.27405      0.29866      0.42730
       5.8184      0.27382      0.29770      0.42848
       5.8109      0.27359      0.29677      0.42964
       5.8037      0.27338      0.29586      0.43076
       5.7966      0.27316      0.29499      0.43185
       5.7897      0.27295      0.29413      0.43291
       5.7831      0.27275      0.29331      0.43395
       5.7766      0.27255      0.29250      0.43495
       5.7702      0.27235      0.29172      0.43593
       5.8253      0.27484      0.29823      0.42693
       5.8177      0.27459      0.29729      0.42813
       5.8103      0.27434      0.29637      0.42929
       5.8030      0.27410      0.29548      0.43042
       5.7960      0.27387      0.29461      0.43152
       5.7891      0.27364      0.29377      0.43259
       5.7825      0.27341      0.29295      0.43363
       5.7760      0.27319      0.29216      0.43465
       5.7697      0.27298      0.29139      0.43563
       5.7635      0.27277      0.29064      0.43659
       5.8170      0.27537      0.29687      0.42776
       5.8096      0.27511      0.29596      0.42893
       5.8024      0.27485      0.29508      0.43007
       5.7953      0.27459      0.29423      0.43118
       1.7583      0.33102      0.33479      0.33418
       5.7819      0.27410      0.29259      0.43331
       5.7754      0.27386      0.29181      0.43433
       5.7691      0.27363      0.29105      0.43532
       5.7630      0.27340      0.29031      0.43629
       1.2900      0.32950      0.33325      0.33725
       5.8089      0.27590      0.29555      0.42856
       5.8017      0.27561      0.29468      0.42971
       5.7947      0.27534      0.29384      0.43082
       5.7879      0.27507      0.29302      0.43191
       5.7813      0.27480      0.29223      0.43297
       5.7748      0.27454      0.29146      0.43400
       5.7685      0.27429      0.29071      0.43500
       1.3592      0.33044      0.33320      0.33636
       5.7565      0.27380      0.28927      0.43693
       5.7507      0.27357      0.28858      0.43785
       5.8011      0.27640      0.29427      0.42933
       5.7941      0.27610      0.29344      0.43046
       5.7873      0.27581      0.29263      0.43155
       5.7807      0.27553      0.29185      0.43262
       5.7742      0.27525      0.29109      0.43366
       5.7680      0.27497      0.29035      0.43467
       5.7619      0.27471      0.28964      0.43566
       5.7560      0.27445      0.28894      0.43661
       5.7502      0.27420      0.28826      0.43754
       5.7459      0.27395      0.28760      0.43845
       5.7935      0.27689      0.29303      0.43008
       5.7867      0.27658      0.29224      0.43118
       5.7801      0.27627      0.29147      0.43226
       5.7737      0.27597      0.29072      0.43331
       5.7674      0.27568      0.28999      0.43433
       5.7613      0.27539      0.28929      0.43532
       5.7554      0.27511      0.28860      0.43629
       5.7497      0.27484      0.28793      0.43722
       5.7456      0.27458      0.28728      0.43814
       1.1728      0.33049      0.33125      0.33826
       1.8422      0.33357      0.33335      0.33308
       5.7795      0.27703      0.29108      0.43189
       5.7731      0.27671      0.29034      0.43294
       5.7669      0.27640      0.28963      0.43397
       1.4015      0.33235      0.33213      0.33552
       1.3378      0.33204      0.33182      0.33614
       5.7492      0.27550      0.28760      0.43690
       5.7454      0.27522      0.28696      0.43782
       5.7453      0.27494      0.28634      0.43872
       5.7453      0.27467      0.28574      0.43959
       6.8096      0.32975      0.33877      0.33148
       5.8344      0.27177      0.30076      0.42747
       5.8266      0.27161      0.29974      0.42866
       5.8189      0.27145      0.29875      0.42981
       5.8114      0.27129      0.29778      0.43093
       5.8041      0.27113      0.29685      0.43202
       5.7971      0.27098      0.29594      0.43308
       5.7902      0.27083      0.29506      0.43411
       5.7835      0.27069      0.29420      0.43511
       5.7770      0.27054      0.29337      0.43608
       5.8337      0.27251      0.30035      0.42714
       5.8258      0.27232      0.29934      0.42833
       6.7554      0.32948      0.33748      0.33304
       5.8107      0.27197      0.29741      0.43062
       5.8035      0.27179      0.29649      0.43172
       5.7964      0.27162      0.29559      0.43279
       5.7896      0.27146      0.29472      0.43382
       5.7829      0.27129      0.29387      0.43483
       5.7764      0.27113      0.29305      0.43581
       5.7701      0.27098      0.29225      0.43677
       5.8251      0.27306      0.29894      0.42800
       5.8175      0.27286      0.29797      0.42917
       5.8101      0.27266      0.29703      0.43030
       5.8028      0.27247      0.29612      0.43141
       5.7958      0.27228      0.29523      0.43248
       5.7889      0.27210      0.29437      0.43353
       5.7823      0.27192      0.29354      0.43455
       5.7388      0.32830      0.33526      0.33644
       5.7695      0.27156      0.29194      0.43650
       5.7634      0.27139      0.29117      0.43743
       6.8201      0.33075      0.33676      0.33249
       5.8094      0.27338      0.29665      0.42997
       5.8022      0.27317      0.29575      0.43109
       5.7952      0.27296      0.29487      0.43217
       5.7883      0.27276      0.29402      0.43322
       5.7817      0.27256      0.29320      0.43425
       5.7752      0.27236      0.29240      0.43524
       5.7689      0.27217      0.29162      0.43621
       5.7628      0.27198      0.29086      0.43716
       5.7569      0.27180      0.29013      0.43807
       5.8087      0.27412      0.29625      0.42963
       5.8015      0.27388      0.29536      0.43075
       5.7945      0.27366      0.29450      0.43184
       5.7877      0.27343      0.29366      0.43290
       5.7811      0.27321      0.29285      0.43394
       5.7747      0.27300      0.29206      0.43494
       5.7684      0.27279      0.29129      0.43592
       5.7623      0.27259      0.29054      0.43687
       5.7563      0.27239      0.28982      0.43779
       5.7506      0.27219      0.28912      0.43869
       5.8009      0.27462      0.29497      0.43041
       5.7939      0.27437      0.29412      0.43151
       5.7871      0.27413      0.29330      0.43258
       5.7805      0.27389      0.29249      0.43362
       5.7507      0.33020      0.33419      0.33561
       5.7678      0.27343      0.29096      0.43562
       5.7617      0.27321      0.29022      0.43657
       5.7558      0.27299      0.28951      0.43751
       5.7500      0.27278      0.28881      0.43841
       4.6622      0.32867      0.33264      0.33868
       5.7933      0.27511      0.29374      0.43116
       5.7865      0.27484      0.29292      0.43224
       5.7799      0.27458      0.29213      0.43329
       5.7735      0.27433      0.29136      0.43431
       5.7673      0.27408      0.29062      0.43530
       5.7612      0.27384      0.28989      0.43627
       5.7553      0.27361      0.28918      0.43721
       4.8424      0.32961      0.33259      0.33779
       5.7455      0.27315      0.28783      0.43901
       5.7453      0.27294      0.28719      0.43988
       5.7859      0.27558      0.29254      0.43188
       5.7793      0.27530      0.29176      0.43294
       5.7729      0.27503      0.29100      0.43397
       5.7667      0.27476      0.29027      0.43497
       5.7606      0.27450      0.28955      0.43595
       5.7547      0.27425      0.28886      0.43690
       5.7490      0.27400      0.28818      0.43782
       5.7453      0.27376      0.28753      0.43872
       5.7453      0.27352      0.28689      0.43959
       5.7453      0.27329      0.28627      0.44044
       5.7787      0.27603      0.29138      0.43258
       5.7724      0.27574      0.29064      0.43362
       5.7661      0.27545      0.28991      0.43464
       5.7601      0.27517      0.28921      0.43562
       5.7542      0.27490      0.28852      0.43658
       5.7485      0.27464      0.28786      0.43751
       5.7453      0.27438      0.28721      0.43841
       5.7453      0.27412      0.28658      0.43929
       5.7453      0.27388      0.28597      0.44015
       4.2801      0.32966      0.33065      0.33970
       5.8463      0.33275      0.33275      0.33450
       5.7656      0.27617      0.28955      0.43429
       5.7596      0.27587      0.28886      0.43528
       5.7537      0.27557      0.28818      0.43624
       4.9014      0.33152      0.33152      0.33695
       4.7314      0.33122      0.33122      0.33757
       5.7453      0.27474      0.28627      0.43899
       5.7453      0.27448      0.28567      0.43985
       5.7453      0.27422      0.28509      0.44069
       5.7453      0.27397      0.28452      0.44151
Approximate
           EV Choice Probs                          
       13.446      0.32893      0.33816      0.33290
       5.8173      0.27126      0.29861      0.43014
       5.8099      0.27110      0.29765      0.43125
       5.8026      0.27095      0.29672      0.43233
       5.7956      0.27081      0.29581      0.43338
       5.7888      0.27066      0.29494      0.43440
       5.7821      0.27052      0.29408      0.43540
       5.7756      0.27038      0.29325      0.43636
       5.7693      0.27025      0.29245      0.43730
       5.7632      0.27011      0.29167      0.43822
       5.8166      0.27195      0.29823      0.42983
       5.8092      0.27177      0.29728      0.43094
       13.378      0.32866      0.33687      0.33446
       5.7950      0.27144      0.29547      0.43309
       5.7882      0.27128      0.29460      0.43412
       5.7815      0.27112      0.29376      0.43512
       5.7751      0.27096      0.29294      0.43610
       5.7688      0.27081      0.29214      0.43704
       5.7627      0.27066      0.29137      0.43796
       5.7567      0.27052      0.29062      0.43886
       5.8085      0.27246      0.29691      0.43063
       5.8014      0.27228      0.29600      0.43173
       5.7944      0.27209      0.29512      0.43279
       5.7876      0.27191      0.29426      0.43383
       5.7809      0.27173      0.29343      0.43484
       5.7745      0.27156      0.29262      0.43582
       5.7682      0.27139      0.29183      0.43677
       10.127      0.32748      0.33465      0.33787
       5.7562      0.27106      0.29033      0.43861
       5.7504      0.27091      0.28961      0.43948
       13.411      0.32993      0.33615      0.33391
       5.7937      0.27276      0.29476      0.43248
       5.7869      0.27256      0.29391      0.43353
       5.7803      0.27237      0.29309      0.43454
       5.7739      0.27218      0.29229      0.43553
       5.7677      0.27199      0.29152      0.43649
       5.7616      0.27181      0.29076      0.43743
       5.7557      0.27163      0.29003      0.43834
       5.7499      0.27145      0.28932      0.43922
       5.7457      0.27128      0.28863      0.44009
       5.7931      0.27345      0.29439      0.43216
       5.7863      0.27323      0.29356      0.43321
       5.7797      0.27302      0.29275      0.43424
       5.7733      0.27281      0.29196      0.43524
       5.7671      0.27260      0.29119      0.43620
       5.7610      0.27240      0.29045      0.43715
       5.7551      0.27221      0.28973      0.43806
       5.7494      0.27202      0.28903      0.43896
       5.7455      0.27183      0.28834      0.43982
       5.7453      0.27165      0.28768      0.44067
       5.7857      0.27392      0.29319      0.43289
       5.7792      0.27368      0.29239      0.43392
       5.7728      0.27346      0.29162      0.43493
       5.7665      0.27323      0.29086      0.43590
       10.060      0.32938      0.33358      0.33704
       5.7546      0.27280      0.28942      0.43778
       5.7489      0.27260      0.28872      0.43868
       5.7453      0.27239      0.28805      0.43955
       5.7453      0.27220      0.28740      0.44041
       8.4512      0.32785      0.33203      0.34012
       5.7786      0.27437      0.29204      0.43360
       5.7722      0.27412      0.29127      0.43461
       5.7660      0.27388      0.29052      0.43559
       5.7599      0.27365      0.28980      0.43655
       5.7541      0.27342      0.28910      0.43749
       5.7484      0.27319      0.28842      0.43839
       5.7453      0.27297      0.28775      0.43927
       8.7068      0.32879      0.33199      0.33922
       5.7453      0.27255      0.28648      0.44097
       5.7453      0.27235      0.28587      0.44178
       5.7716      0.27481      0.29091      0.43428
       5.7654      0.27455      0.29018      0.43527
       5.7594      0.27429      0.28947      0.43624
       5.7535      0.27405      0.28878      0.43718
       5.7478      0.27380      0.28810      0.43809
       5.7453      0.27357      0.28745      0.43898
       5.7453      0.27334      0.28681      0.43985
       5.7453      0.27311      0.28620      0.44069
       5.7453      0.27289      0.28560      0.44151
       5.7453      0.27268      0.28501      0.44231
       5.7649      0.27523      0.28983      0.43494
       5.7589      0.27496      0.28913      0.43591
       5.7530      0.27469      0.28844      0.43686
       5.7473      0.27443      0.28778      0.43779
       5.7453      0.27418      0.28714      0.43868
       5.7453      0.27393      0.28651      0.43956
       5.7453      0.27369      0.28590      0.44041
       5.7453      0.27345      0.28531      0.44124
       5.7453      0.27322      0.28474      0.44204
       7.7309      0.32883      0.33004      0.34113
       9.9975      0.33192      0.33215      0.33593
       5.7525      0.27536      0.28811      0.43654
       5.7470      0.27508      0.28745      0.43747
       5.7453      0.27481      0.28682      0.43837
       8.6818      0.33069      0.33092      0.33839
       8.4190      0.33039      0.33061      0.33900
       5.7453      0.27403      0.28502      0.44095
       5.7453      0.27378      0.28446      0.44176
       5.7453      0.27354      0.28391      0.44255
       5.7453      0.27331      0.28337      0.44332
... finished.
