"xGHKMNP"
"Multinomial Probit"
-542.76751978159893
<-0.01040222864644192;
 0.47667699512840428;
 0.76602050912149322;
 0.1000982691833716;
 -0.52430465188523057;
 0.24504923235789564;
 -0.0024936135818038698;
 0.3275424637854869;
 0.2673783248061436;
 -0.50879037777494773;
 -0.2235541759950187;
 -1.0200058498996232 >
-------Human Readable Parameter Summary-------
000	1	 -0.010402	"Y=2:age        "	"Free           "	0	0	-0.0104022
001	1	  0.476677	"Y=2:male       "	"Free           "	1	1	0.476677
002	1	  0.766021	"Y=2:nonwhite   "	"Free           "	2	2	0.766021
003	1	  0.100098	"Y=2:site2      "	"Free           "	3	3	0.100098
004	1	 -0.524305	"Y=2:site3      "	"Free           "	4	4	-0.524305
005	1	  0.245049	"Y=2:Cons       "	"Free           "	5	5	0.245049
006	1	 -0.002494	"Y=3:age        "	"Free           "	6	6	-0.00249361
007	1	  0.327542	"Y=3:male       "	"Free           "	7	7	0.327542
008	1	  0.267378	"Y=3:nonwhite   "	"Free           "	8	8	0.267378
009	1	 -0.508790	"Y=3:site2      "	"Free           "	9	9	-0.50879
010	1	 -0.223554	"Y=3:site3      "	"Free           "	10	10	-0.223554
011	1	 -1.020006	"Y=3:Cons       "	"Free           "	11	11	-1.02001

------------

                   Y=2:age     Y=2:male Y=2:nonwhite    Y=2:site2    Y=2:site3     Y=2:Cons      Y=3:age     Y=3:male Y=3:nonwhite    Y=3:site2    Y=3:site3     Y=3:Cons
  Gradient     -9.5408e-05   5.5236e-06   6.5504e-06  -8.9210e-06  -4.1574e-06   7.5789e-06    0.0012438   9.1311e-06   2.0053e-05   2.5421e-05   1.1113e-05   1.8000e-05

Hessian 
                   Y=2:age     Y=2:male Y=2:nonwhite    Y=2:site2    Y=2:site3     Y=2:Cons      Y=3:age     Y=3:male Y=3:nonwhite    Y=3:site2    Y=3:site3     Y=3:Cons
Y=2:age        -5.1405e+05      -3091.9      -2179.5      -3820.9      -2742.5      -10419.   1.7734e+05       1067.1       829.60       1227.2       926.95       3459.3
Y=2:male           -3091.9      -64.675      -9.7739      -21.599      -14.076      -64.675       1067.1       23.198      0.10024       6.0159       2.0888       23.198
Y=2:nonwhite       -2179.5      -9.7739      -46.101      -6.5992      -24.712      -46.101       829.60      0.10024       14.894       3.1476       8.8693       14.894
Y=2:site2          -3820.9      -21.599      -6.5992      -88.097     -0.00000      -88.097       1227.2       6.0159       3.1476       25.987     -0.00000       25.987
Y=2:site3          -2742.5      -14.076      -24.712     -0.00000      -62.702      -62.702       926.95       2.0888       8.8693     -0.00000       19.955       19.955
Y=2:Cons           -10419.      -64.675      -46.101      -88.097      -62.702      -231.93       3459.3       23.198       14.894       25.987       19.955       74.328
Y=3:age         1.7734e+05       1067.1       829.60       1227.2       926.95       3459.3  -3.5629e+05      -2032.2      -1717.6      -2499.3      -2161.0      -7045.2
Y=3:male            1067.1       23.198      0.10024       6.0159       2.0888       23.198      -2032.2      -44.706      -1.5548      -12.003      -5.0423      -44.706
Y=3:nonwhite        829.60      0.10024       14.894       3.1476       8.8693       14.894      -1717.6      -1.5548      -30.477      -6.0094      -17.593      -30.477
Y=3:site2           1227.2       6.0159       3.1476       25.987     -0.00000       25.987      -2499.3      -12.003      -6.0094      -52.180     -0.00000      -52.180
Y=3:site3           926.95       2.0888       8.8693     -0.00000       19.955       19.955      -2161.0      -5.0423      -17.593     -0.00000      -46.563      -46.563
Y=3:Cons            3459.3       23.198       14.894       25.987       19.955       74.328      -7045.2      -44.706      -30.477      -52.180      -46.563      -152.58

--------------------
Created by Objective::Save(). 24-09-2021. 16:11:28