"xGHKMNP"
"Multinomial Probit"
-542.7675197815978
<-0.010402224633516213;0.47667695088179923;0.7660204984389399;0.10009829677848041;-0.5243045488712301;0.2450490430844797;-0.0024936061798145094;0.3275421617348493;0.267378080392318;-0.5087906043503264;-0.22355448781205012;-1.020005861074805>
-------Human Readable Parameter Summary-------
000	1	 -0.010402	"Y=2:age        "	"Free           "	0	0	-0.0104022
001	1	  0.476677	"Y=2:male       "	"Free           "	1	1	0.476677
002	1	  0.766020	"Y=2:nonwhite   "	"Free           "	2	2	0.76602
003	1	  0.100098	"Y=2:site2      "	"Free           "	3	3	0.100098
004	1	 -0.524305	"Y=2:site3      "	"Free           "	4	4	-0.524305
005	1	  0.245049	"Y=2:Cons       "	"Free           "	5	5	0.245049
006	1	 -0.002494	"Y=3:age        "	"Free           "	6	6	-0.00249361
007	1	  0.327542	"Y=3:male       "	"Free           "	7	7	0.327542
008	1	  0.267378	"Y=3:nonwhite   "	"Free           "	8	8	0.267378
009	1	 -0.508791	"Y=3:site2      "	"Free           "	9	9	-0.508791
010	1	 -0.223554	"Y=3:site3      "	"Free           "	10	10	-0.223554
011	1	 -1.020006	"Y=3:Cons       "	"Free           "	11	11	-1.02001

------------

                   Y=2:age     Y=2:male Y=2:nonwhite    Y=2:site2    Y=2:site3     Y=2:Cons      Y=3:age     Y=3:male Y=3:nonwhite    Y=3:site2    Y=3:site3     Y=3:Cons
  Gradient      -0.0033287   1.8983e-05  -2.4192e-05  -8.7192e-06  -6.6474e-05  -5.2580e-05    0.0019466   2.8283e-06  -1.5147e-05   7.7022e-06   1.3095e-05   1.9728e-05

Hessian 
                   Y=2:age     Y=2:male Y=2:nonwhite    Y=2:site2    Y=2:site3     Y=2:Cons      Y=3:age     Y=3:male Y=3:nonwhite    Y=3:site2    Y=3:site3     Y=3:Cons
Y=2:age        -5.1405e+05      -3091.9      -2179.5      -3820.9      -2742.5      -10419.   1.7734e+05       1067.1       829.59       1227.2       926.95       3459.3
Y=2:male           -3091.9      -64.675      -9.7739      -21.599      -14.076      -64.675       1067.1       23.198      0.10024       6.0159       2.0888       23.198
Y=2:nonwhite       -2179.5      -9.7739      -46.101      -6.5992      -24.712      -46.101       829.59      0.10024       14.894       3.1476       8.8693       14.894
Y=2:site2          -3820.9      -21.599      -6.5992      -88.097      0.00000      -88.097       1227.2       6.0159       3.1476       25.987      0.00000       25.987
Y=2:site3          -2742.5      -14.076      -24.712      0.00000      -62.702      -62.702       926.95       2.0888       8.8693      0.00000       19.955       19.955
Y=2:Cons           -10419.      -64.675      -46.101      -88.097      -62.702      -231.93       3459.3       23.198       14.894       25.987       19.955       74.328
Y=3:age         1.7734e+05       1067.1       829.59       1227.2       926.95       3459.3  -3.5629e+05      -2032.2      -1717.6      -2499.3      -2161.0      -7045.2
Y=3:male            1067.1       23.198      0.10024       6.0159       2.0888       23.198      -2032.2      -44.706      -1.5548      -12.003      -5.0423      -44.706
Y=3:nonwhite        829.59      0.10024       14.894       3.1476       8.8693       14.894      -1717.6      -1.5548      -30.477      -6.0094      -17.593      -30.477
Y=3:site2           1227.2       6.0159       3.1476       25.987      0.00000       25.987      -2499.3      -12.003      -6.0094      -52.180      0.00000      -52.180
Y=3:site3           926.95       2.0888       8.8693      0.00000       19.955       19.955      -2161.0      -5.0423      -17.593      0.00000      -46.563      -46.563
Y=3:Cons            3459.3       23.198       14.894       25.987       19.955       74.328      -7045.2      -44.706      -30.477      -52.180      -46.563      -152.58

--------------------
Created by Objective::Save(). 12-04-2022. 10:43:54