"xGQMNP"
"Multinomial Probit"
-534.51317372299661
<-0.0098453962997017089;
 0.47704969393562169;
 0.8239282972586468;
 0.097252183833537717;
 -0.49570031680718057;
 0.2230531628362509;
 -0.0050877037613595178;
 0.33288974747403444;
 0.24827810576269121;
 -0.69082669320487744;
 -0.17844334279170926;
 -0.98463619991962015 >
-------Human Readable Parameter Summary-------
000	1	 -0.009845	"Y=2:age        "	"Free           "	0	0	-0.0098454
001	1	  0.477050	"Y=2:male       "	"Free           "	1	1	0.47705
002	1	  0.823928	"Y=2:nonwhite   "	"Free           "	2	2	0.823928
003	1	  0.097252	"Y=2:site2      "	"Free           "	3	3	0.0972522
004	1	 -0.495700	"Y=2:site3      "	"Free           "	4	4	-0.4957
005	1	  0.223053	"Y=2:Cons       "	"Free           "	5	5	0.223053
006	1	 -0.005088	"Y=3:age        "	"Free           "	6	6	-0.0050877
007	1	  0.332890	"Y=3:male       "	"Free           "	7	7	0.33289
008	1	  0.248278	"Y=3:nonwhite   "	"Free           "	8	8	0.248278
009	1	 -0.690827	"Y=3:site2      "	"Free           "	9	9	-0.690827
010	1	 -0.178443	"Y=3:site3      "	"Free           "	10	10	-0.178443
011	1	 -0.984636	"Y=3:Cons       "	"Free           "	11	11	-0.984636

------------

                   Y=2:age     Y=2:male Y=2:nonwhite    Y=2:site2    Y=2:site3     Y=2:Cons      Y=3:age     Y=3:male Y=3:nonwhite    Y=3:site2    Y=3:site3     Y=3:Cons
  Gradient      0.00091517  -1.4405e-05   9.2361e-06   8.6735e-06   3.4679e-06  -4.8645e-07   -0.0024926   2.2358e-05  -1.7659e-05  -1.5950e-05  -3.5974e-06  -7.4715e-06

Hessian 
                   Y=2:age     Y=2:male Y=2:nonwhite    Y=2:site2    Y=2:site3     Y=2:Cons      Y=3:age     Y=3:male Y=3:nonwhite    Y=3:site2    Y=3:site3     Y=3:Cons
Y=2:age         4.6663e+05       2584.8       1972.5       3231.6       2783.7       9456.6  -1.1622e+05      -649.32      -604.24      -573.79      -786.13      -2300.4
Y=2:male            2584.8       54.111       7.0804       17.531       13.689       54.111      -649.32      -14.100      -1.1729      -1.7170      -2.9112      -14.100
Y=2:nonwhite        1972.5       7.0804       42.283       4.5029       24.179       42.283      -604.24      -1.1729      -11.395      -2.0745      -7.2789      -11.395
Y=2:site2           3231.6       17.531       4.5029       74.584      0.00000       74.584      -573.79      -1.7170      -2.0745      -11.422      0.00000      -11.422
Y=2:site3           2783.7       13.689       24.179      0.00000       63.000       63.000      -786.13      -2.9112      -7.2789      0.00000      -17.765      -17.765
Y=2:Cons            9456.6       54.111       42.283       74.584       63.000       210.67      -2300.4      -14.100      -11.395      -11.422      -17.765      -49.829
Y=3:age        -1.1622e+05      -649.32      -604.24      -573.79      -786.13      -2300.4   2.2988e+05       1201.4       1173.6       1172.5       1734.6       4646.0
Y=3:male           -649.32      -14.100      -1.1729      -1.7170      -2.9112      -14.100       1201.4       26.913       2.2627       3.1816       6.3727       26.913
Y=3:nonwhite       -604.24      -1.1729      -11.395      -2.0745      -7.2789      -11.395       1173.6       2.2627       21.743       3.5231       13.326       21.743
Y=3:site2          -573.79      -1.7170      -2.0745      -11.422      0.00000      -11.422       1172.5       3.1816       3.5231       22.937      0.00000       22.937
Y=3:site3          -786.13      -2.9112      -7.2789      0.00000      -17.765      -17.765       1734.6       6.3727       13.326      0.00000       39.757       39.757
Y=3:Cons           -2300.4      -14.100      -11.395      -11.422      -17.765      -49.829       4646.0       26.913       21.743       22.937       39.757       102.29

--------------------
Created by Objective::Save(). 30-06-2021. 14:26:31