"Logit"
"Logit"
-100.72399556625591
<-0.027100375450902988;
 -0.01515082230227514;
 1.2626476317417683;
 0.86207962785054304;
 0.92334531876092008;
 0.54183622336699777;
 1.8325173502836096;
 0.75851367472822773;
 0.4612252636003033 >
-------Human Readable Parameter Summary-------
000	1	 -0.027100	"b0             "	"Free           "	0	0	-0.0271004
001	1	 -0.015151	"b1             "	"Free           "	1	1	-0.0151508
002	1	  1.262648	"b2             "	"Free           "	2	2	1.26265
003	1	  0.862080	"b3             "	"Free           "	3	3	0.86208
004	1	  0.923345	"b4             "	"Free           "	4	4	0.923345
005	1	  0.541836	"b5             "	"Free           "	5	5	0.541836
006	1	  1.832517	"b6             "	"Free           "	6	6	1.83252
007	1	  0.758514	"b7             "	"Free           "	7	7	0.758514
008	1	  0.461225	"b8             "	"Free           "	8	8	0.461225

------------

                        b0           b1           b2           b3           b4           b5           b6           b7           b8
  Gradient      0.00024707   0.00084409   3.5949e-07  -2.5300e-06   1.9212e-05   3.6179e-05  -3.1928e-06   7.0386e-06   9.5190e-06

Hessian 
                 b0           b1           b2           b3           b4           b5           b6           b7           b8
b0          -17717.      -94149.      -110.97      -289.39      -379.84      -244.09      -45.083      -157.20      -759.81
b1          -94149.  -5.4249e+05      -722.68      -1532.0      -2039.2      -1132.3      -289.19      -843.64      -4185.5
b2          -110.97      -722.68      -5.0069     -0.00000      -2.1022     -0.87258     -0.28469     -0.97257      -5.0069
b3          -289.39      -1532.0     -0.00000      -13.270      -2.2687      -2.8094     -0.86360      -2.5296      -13.270
b4          -379.84      -2039.2      -2.1022      -2.2687      -16.330      -7.2130     -0.75188      -3.2169      -16.330
b5          -244.09      -1132.3     -0.87258      -2.8094      -7.2130      -16.145     -0.15346      -3.5138      -9.7406
b6          -45.083      -289.19     -0.28469     -0.86360     -0.75188     -0.15346      -2.0145     -0.00000      -2.0145
b7          -157.20      -843.64     -0.97257      -2.5296      -3.2169      -3.5138     -0.00000      -7.0046      -7.0046
b8          -759.81      -4185.5      -5.0069      -13.270      -16.330      -9.7406      -2.0145      -7.0046      -33.918

--------------------
Created by Objective::Save(). 15-09-2021. 11:53:56